1234567
1234576
1234756
1237456
1273456
1723456
7123456
7123465
1723465
1273465
1237465
1234765
1234675
1234657
1236457
1236475
1236745
1237645
1273645
1723645
7123645
7126345
1726345
1276345
1267345
1263745
1263475
1263457
1623457
1623475
1623745
1627345
1672345
1762345
7162345
7612345
6712345
6172345
6127345
6123745
6123475
6123457
6123547
6123574
6123754
6127354
6172354
6712354
7612354
7162354
1762354
1672354
1627354
1623754
1623574
1623547
1263547
1263574
1263754
1267354
1276354
1726354
7126354
7123654
1723654
1273654
1237654
1236754
1236574
1236547
1235647
1235674
1235764
1237564
1273564
1723564
7123564
7123546
1723546
1273546
1237546
1235746
1235476
1235467
1253467
1253476
1253746
1257346
1275346
1725346
7125346
7125364
1725364
1275364
1257364
1253764
1253674
1253647
1256347
1256374
1256734
1257634
1275634
1725634
7125634
7126534
1726534
1276534
1267534
1265734
1265374
1265347
1625347
1625374
1625734
1627534
1672534
1762534
7162534
7612534
6712534
6172534
6127534
6125734
6125374
6125347
6152347
6152374
6152734
6157234
6175234
6715234
7615234
7165234
1765234
1675234
1657234
1652734
1652374
1652347
1562347
1562374
1562734
1567234
1576234
1756234
7156234
7152634
1752634
1572634
1527634
1526734
1526374
1526347
1523647
1523674
1523764
1527364
1572364
1752364
7152364
7152346
1752346
1572346
1527346
1523746
1523476
1523467
5123467
5123476
5123746
5127346
5172346
5712346
7512346
7512364
5712364
5172364
5127364
5123764
5123674
5123647
5126347
5126374
5126734
5127634
5172634
5712634
7512634
7516234
5716234
5176234
5167234
5162734
5162374
5162347
5612347
5612374
5612734
5617234
5671234
5761234
7561234
7651234
6751234
6571234
6517234
6512734
6512374
6512347
6512437
6512473
6512743
6517243
6571243
6751243
7651243
7561243
5761243
5671243
5617243
5612743
5612473
5612437
5162437
5162473
5162743
5167243
5176243
5716243
7516243
7512643
5712643
5172643
5127643
5126743
5126473
5126437
5124637
5124673
5124763
5127463
5172463
5712463
7512463
7512436
5712436
5172436
5127436
5124736
5124376
5124367
1524367
1524376
1524736
1527436
1572436
1752436
7152436
7152463
1752463
1572463
1527463
1524763
1524673
1524637
1526437
1526473
1526743
1527643
1572643
1752643
7152643
7156243
1756243
1576243
1567243
1562743
1562473
1562437
1652437
1652473
1652743
1657243
1675243
1765243
7165243
7615243
6715243
6175243
6157243
6152743
6152473
6152437
6125437
6125473
6125743
6127543
6172543
6712543
7612543
7162543
1762543
1672543
1627543
1625743
1625473
1625437
1265437
1265473
1265743
1267543
1276543
1726543
7126543
7125643
1725643
1275643
1257643
1256743
1256473
1256437
1254637
1254673
1254763
1257463
1275463
1725463
7125463
7125436
1725436
1275436
1257436
1254736
1254376
1254367
1245367
1245376
1245736
1247536
1274536
1724536
7124536
7124563
1724563
1274563
1247563
1245763
1245673
1245637
1246537
1246573
1246753
1247653
1274653
1724653
7124653
7126453
1726453
1276453
1267453
1264753
1264573
1264537
1624537
1624573
1624753
1627453
1672453
1762453
7162453
7612453
6712453
6172453
6127453
6124753
6124573
6124537
6124357
6124375
6124735
6127435
6172435
6712435
7612435
7162435
1762435
1672435
1627435
1624735
1624375
1624357
1264357
1264375
1264735
1267435
1276435
1726435
7126435
7124635
1724635
1274635
1247635
1246735
1246375
1246357
1243657
1243675
1243765
1247365
1274365
1724365
7124365
7124356
1724356
1274356
1247356
1243756
1243576
1243567
1423567
1423576
1423756
1427356
1472356
1742356
7142356
7142365
1742365
1472365
1427365
1423765
1423675
1423657
1426357
1426375
1426735
1427635
1472635
1742635
7142635
7146235
1746235
1476235
1467235
1462735
1462375
1462357
1642357
1642375
1642735
1647235
1674235
1764235
7164235
7614235
6714235
6174235
6147235
6142735
6142375
6142357
6142537
6142573
6142753
6147253
6174253
6714253
7614253
7164253
1764253
1674253
1647253
1642753
1642573
1642537
1462537
1462573
1462753
1467253
1476253
1746253
7146253
7142653
1742653
1472653
1427653
1426753
1426573
1426537
1425637
1425673
1425763
1427563
1472563
1742563
7142563
7142536
1742536
1472536
1427536
1425736
1425376
1425367
1452367
1452376
1452736
1457236
1475236
1745236
7145236
7145263
1745263
1475263
1457263
1452763
1452673
1452637
1456237
1456273
1456723
1457623
1475623
1745623
7145623
7146523
1746523
1476523
1467523
1465723
1465273
1465237
1645237
1645273
1645723
1647523
1674523
1764523
7164523
7614523
6714523
6174523
6147523
6145723
6145273
6145237
6154237
6154273
6154723
6157423
6175423
6715423
7615423
7165423
1765423
1675423
1657423
1654723
1654273
1654237
1564237
1564273
1564723
1567423
1576423
1756423
7156423
7154623
1754623
1574623
1547623
1546723
1546273
1546237
1542637
1542673
1542763
1547263
1574263
1754263
7154263
7154236
1754236
1574236
1547236
1542736
1542376
1542367
5142367
5142376
5142736
5147236
5174236
5714236
7514236
7514263
5714263
5174263
5147263
5142763
5142673
5142637
5146237
5146273
5146723
5147623
5174623
5714623
7514623
7516423
5716423
5176423
5167423
5164723
5164273
5164237
5614237
5614273
5614723
5617423
5671423
5761423
7561423
7651423
6751423
6571423
6517423
6514723
6514273
6514237
6541237
6541273
6541723
6547123
6574123
6754123
7654123
7564123
5764123
5674123
5647123
5641723
5641273
5641237
5461237
5461273
5461723
5467123
5476123
5746123
7546123
7541623
5741623
5471623
5417623
5416723
5416273
5416237
5412637
5412673
5412763
5417263
5471263
5741263
7541263
7541236
5741236
5471236
5417236
5412736
5412376
5412367
4512367
4512376
4512736
4517236
4571236
4751236
7451236
7451263
4751263
4571263
4517263
4512763
4512673
4512637
4516237
4516273
4516723
4517623
4571623
4751623
7451623
7456123
4756123
4576123
4567123
4561723
4561273
4561237
4651237
4651273
4651723
4657123
4675123
4765123
7465123
7645123
6745123
6475123
6457123
6451723
6451273
6451237
6415237
6415273
6415723
6417523
6471523
6741523
7641523
7461523
4761523
4671523
4617523
4615723
4615273
4615237
4165237
4165273
4165723
4167523
4176523
4716523
7416523
7415623
4715623
4175623
4157623
4156723
4156273
4156237
4152637
4152673
4152763
4157263
4175263
4715263
7415263
7415236
4715236
4175236
4157236
4152736
4152376
4152367
4125367
4125376
4125736
4127536
4172536
4712536
7412536
7412563
4712563
4172563
4127563
4125763
4125673
4125637
4126537
4126573
4126753
4127653
4172653
4712653
7412653
7416253
4716253
4176253
4167253
4162753
4162573
4162537
4612537
4612573
4612753
4617253
4671253
4761253
7461253
7641253
6741253
6471253
6417253
6412753
6412573
6412537
6412357
6412375
6412735
6417235
6471235
6741235
7641235
7461235
4761235
4671235
4617235
4612735
4612375
4612357
4162357
4162375
4162735
4167235
4176235
4716235
7416235
7412635
4712635
4172635
4127635
4126735
4126375
4126357
4123657
4123675
4123765
4127365
4172365
4712365
7412365
7412356
4712356
4172356
4127356
4123756
4123576
4123567
4132567
4132576
4132756
4137256
4173256
4713256
7413256
7413265
4713265
4173265
4137265
4132765
4132675
4132657
4136257
4136275
4136725
4137625
4173625
4713625
7413625
7416325
4716325
4176325
4167325
4163725
4163275
4163257
4613257
4613275
4613725
4617325
4671325
4761325
7461325
7641325
6741325
6471325
6417325
6413725
6413275
6413257
6413527
6413572
6413752
6417352
6471352
6741352
7641352
7461352
4761352
4671352
4617352
4613752
4613572
4613527
4163527
4163572
4163752
4167352
4176352
4716352
7416352
7413652
4713652
4173652
4137652
4136752
4136572
4136527
4135627
4135672
4135762
4137562
4173562
4713562
7413562
7413526
4713526
4173526
4137526
4135726
4135276
4135267
4153267
4153276
4153726
4157326
4175326
4715326
7415326
7415362
4715362
4175362
4157362
4153762
4153672
4153627
4156327
4156372
4156732
4157632
4175632
4715632
7415632
7416532
4716532
4176532
4167532
4165732
4165372
4165327
4615327
4615372
4615732
4617532
4671532
4761532
7461532
7641532
6741532
6471532
6417532
6415732
6415372
6415327
6451327
6451372
6451732
6457132
6475132
6745132
7645132
7465132
4765132
4675132
4657132
4651732
4651372
4651327
4561327
4561372
4561732
4567132
4576132
4756132
7456132
7451632
4751632
4571632
4517632
4516732
4516372
4516327
4513627
4513672
4513762
4517362
4571362
4751362
7451362
7451326
4751326
4571326
4517326
4513726
4513276
4513267
5413267
5413276
5413726
5417326
5471326
5741326
7541326
7541362
5741362
5471362
5417362
5413762
5413672
5413627
5416327
5416372
5416732
5417632
5471632
5741632
7541632
7546132
5746132
5476132
5467132
5461732
5461372
5461327
5641327
5641372
5641732
5647132
5674132
5764132
7564132
7654132
6754132
6574132
6547132
6541732
6541372
6541327
6514327
6514372
6514732
6517432
6571432
6751432
7651432
7561432
5761432
5671432
5617432
5614732
5614372
5614327
5164327
5164372
5164732
5167432
5176432
5716432
7516432
7514632
5714632
5174632
5147632
5146732
5146372
5146327
5143627
5143672
5143762
5147362
5174362
5714362
7514362
7514326
5714326
5174326
5147326
5143726
5143276
5143267
1543267
1543276
1543726
1547326
1574326
1754326
7154326
7154362
1754362
1574362
1547362
1543762
1543672
1543627
1546327
1546372
1546732
1547632
1574632
1754632
7154632
7156432
1756432
1576432
1567432
1564732
1564372
1564327
1654327
1654372
1654732
1657432
1675432
1765432
7165432
7615432
6715432
6175432
6157432
6154732
6154372
6154327
6145327
6145372
6145732
6147532
6174532
6714532
7614532
7164532
1764532
1674532
1647532
1645732
1645372
1645327
1465327
1465372
1465732
1467532
1476532
1746532
7146532
7145632
1745632
1475632
1457632
1456732
1456372
1456327
1453627
1453672
1453762
1457362
1475362
1745362
7145362
7145326
1745326
1475326
1457326
1453726
1453276
1453267
1435267
1435276
1435726
1437526
1473526
1743526
7143526
7143562
1743562
1473562
1437562
1435762
1435672
1435627
1436527
1436572
1436752
1437652
1473652
1743652
7143652
7146352
1746352
1476352
1467352
1463752
1463572
1463527
1643527
1643572
1643752
1647352
1674352
1764352
7164352
7614352
6714352
6174352
6147352
6143752
6143572
6143527
6143257
6143275
6143725
6147325
6174325
6714325
7614325
7164325
1764325
1674325
1647325
1643725
1643275
1643257
1463257
1463275
1463725
1467325
1476325
1746325
7146325
7143625
1743625
1473625
1437625
1436725
1436275
1436257
1432657
1432675
1432765
1437265
1473265
1743265
7143265
7143256
1743256
1473256
1437256
1432756
1432576
1432567
1342567
1342576
1342756
1347256
1374256
1734256
7134256
7134265
1734265
1374265
1347265
1342765
1342675
1342657
1346257
1346275
1346725
1347625
1374625
1734625
7134625
7136425
1736425
1376425
1367425
1364725
1364275
1364257
1634257
1634275
1634725
1637425
1673425
1763425
7163425
7613425
6713425
6173425
6137425
6134725
6134275
6134257
6134527
6134572
6134752
6137452
6173452
6713452
7613452
7163452
1763452
1673452
1637452
1634752
1634572
1634527
1364527
1364572
1364752
1367452
1376452
1736452
7136452
7134652
1734652
1374652
1347652
1346752
1346572
1346527
1345627
1345672
1345762
1347562
1374562
1734562
7134562
7134526
1734526
1374526
1347526
1345726
1345276
1345267
1354267
1354276
1354726
1357426
1375426
1735426
7135426
7135462
1735462
1375462
1357462
1354762
1354672
1354627
1356427
1356472
1356742
1357642
1375642
1735642
7135642
7136542
1736542
1376542
1367542
1365742
1365472
1365427
1635427
1635472
1635742
1637542
1673542
1763542
7163542
7613542
6713542
6173542
6137542
6135742
6135472
6135427
6153427
6153472
6153742
6157342
6175342
6715342
7615342
7165342
1765342
1675342
1657342
1653742
1653472
1653427
1563427
1563472
1563742
1567342
1576342
1756342
7156342
7153642
1753642
1573642
1537642
1536742
1536472
1536427
1534627
1534672
1534762
1537462
1573462
1753462
7153462
7153426
1753426
1573426
1537426
1534726
1534276
1534267
5134267
5134276
5134726
5137426
5173426
5713426
7513426
7513462
5713462
5173462
5137462
5134762
5134672
5134627
5136427
5136472
5136742
5137642
5173642
5713642
7513642
7516342
5716342
5176342
5167342
5163742
5163472
5163427
5613427
5613472
5613742
5617342
5671342
5761342
7561342
7651342
6751342
6571342
6517342
6513742
6513472
6513427
6513247
6513274
6513724
6517324
6571324
6751324
7651324
7561324
5761324
5671324
5617324
5613724
5613274
5613247
5163247
5163274
5163724
5167324
5176324
5716324
7516324
7513624
5713624
5173624
5137624
5136724
5136274
5136247
5132647
5132674
5132764
5137264
5173264
5713264
7513264
7513246
5713246
5173246
5137246
5132746
5132476
5132467
1532467
1532476
1532746
1537246
1573246
1753246
7153246
7153264
1753264
1573264
1537264
1532764
1532674
1532647
1536247
1536274
1536724
1537624
1573624
1753624
7153624
7156324
1756324
1576324
1567324
1563724
1563274
1563247
1653247
1653274
1653724
1657324
1675324
1765324
7165324
7615324
6715324
6175324
6157324
6153724
6153274
6153247
6135247
6135274
6135724
6137524
6173524
6713524
7613524
7163524
1763524
1673524
1637524
1635724
1635274
1635247
1365247
1365274
1365724
1367524
1376524
1736524
7136524
7135624
1735624
1375624
1357624
1356724
1356274
1356247
1352647
1352674
1352764
1357264
1375264
1735264
7135264
7135246
1735246
1375246
1357246
1352746
1352476
1352467
1325467
1325476
1325746
1327546
1372546
1732546
7132546
7132564
1732564
1372564
1327564
1325764
1325674
1325647
1326547
1326574
1326754
1327654
1372654
1732654
7132654
7136254
1736254
1376254
1367254
1362754
1362574
1362547
1632547
1632574
1632754
1637254
1673254
1763254
7163254
7613254
6713254
6173254
6137254
6132754
6132574
6132547
6132457
6132475
6132745
6137245
6173245
6713245
7613245
7163245
1763245
1673245
1637245
1632745
1632475
1632457
1362457
1362475
1362745
1367245
1376245
1736245
7136245
7132645
1732645
1372645
1327645
1326745
1326475
1326457
1324657
1324675
1324765
1327465
1372465
1732465
7132465
7132456
1732456
1372456
1327456
1324756
1324576
1324567
3124567
3124576
3124756
3127456
3172456
3712456
7312456
7312465
3712465
3172465
3127465
3124765
3124675
3124657
3126457
3126475
3126745
3127645
3172645
3712645
7312645
7316245
3716245
3176245
3167245
3162745
3162475
3162457
3612457
3612475
3612745
3617245
3671245
3761245
7361245
7631245
6731245
6371245
6317245
6312745
6312475
6312457
6312547
6312574
6312754
6317254
6371254
6731254
7631254
7361254
3761254
3671254
3617254
3612754
3612574
3612547
3162547
3162574
3162754
3167254
3176254
3716254
7316254
7312654
3712654
3172654
3127654
3126754
3126574
3126547
3125647
3125674
3125764
3127564
3172564
3712564
7312564
7312546
3712546
3172546
3127546
3125746
3125476
3125467
3152467
3152476
3152746
3157246
3175246
3715246
7315246
7315264
3715264
3175264
3157264
3152764
3152674
3152647
3156247
3156274
3156724
3157624
3175624
3715624
7315624
7316524
3716524
3176524
3167524
3165724
3165274
3165247
3615247
3615274
3615724
3617524
3671524
3761524
7361524
7631524
6731524
6371524
6317524
6315724
6315274
6315247
6351247
6351274
6351724
6357124
6375124
6735124
7635124
7365124
3765124
3675124
3657124
3651724
3651274
3651247
3561247
3561274
3561724
3567124
3576124
3756124
7356124
7351624
3751624
3571624
3517624
3516724
3516274
3516247
3512647
3512674
3512764
3517264
3571264
3751264
7351264
7351246
3751246
3571246
3517246
3512746
3512476
3512467
5312467
5312476
5312746
5317246
5371246
5731246
7531246
7531264
5731264
5371264
5317264
5312764
5312674
5312647
5316247
5316274
5316724
5317624
5371624
5731624
7531624
7536124
5736124
5376124
5367124
5361724
5361274
5361247
5631247
5631274
5631724
5637124
5673124
5763124
7563124
7653124
6753124
6573124
6537124
6531724
6531274
6531247
6531427
6531472
6531742
6537142
6573142
6753142
7653142
7563142
5763142
5673142
5637142
5631742
5631472
5631427
5361427
5361472
5361742
5367142
5376142
5736142
7536142
7531642
5731642
5371642
5317642
5316742
5316472
5316427
5314627
5314672
5314762
5317462
5371462
5731462
7531462
7531426
5731426
5371426
5317426
5314726
5314276
5314267
3514267
3514276
3514726
3517426
3571426
3751426
7351426
7351462
3751462
3571462
3517462
3514762
3514672
3514627
3516427
3516472
3516742
3517642
3571642
3751642
7351642
7356142
3756142
3576142
3567142
3561742
3561472
3561427
3651427
3651472
3651742
3657142
3675142
3765142
7365142
7635142
6735142
6375142
6357142
6351742
6351472
6351427
6315427
6315472
6315742
6317542
6371542
6731542
7631542
7361542
3761542
3671542
3617542
3615742
3615472
3615427
3165427
3165472
3165742
3167542
3176542
3716542
7316542
7315642
3715642
3175642
3157642
3156742
3156472
3156427
3154627
3154672
3154762
3157462
3175462
3715462
7315462
7315426
3715426
3175426
3157426
3154726
3154276
3154267
3145267
3145276
3145726
3147526
3174526
3714526
7314526
7314562
3714562
3174562
3147562
3145762
3145672
3145627
3146527
3146572
3146752
3147652
3174652
3714652
7314652
7316452
3716452
3176452
3167452
3164752
3164572
3164527
3614527
3614572
3614752
3617452
3671452
3761452
7361452
7631452
6731452
6371452
6317452
6314752
6314572
6314527
6314257
6314275
6314725
6317425
6371425
6731425
7631425
7361425
3761425
3671425
3617425
3614725
3614275
3614257
3164257
3164275
3164725
3167425
3176425
3716425
7316425
7314625
3714625
3174625
3147625
3146725
3146275
3146257
3142657
3142675
3142765
3147265
3174265
3714265
7314265
7314256
3714256
3174256
3147256
3142756
3142576
3142567
3412567
3412576
3412756
3417256
3471256
3741256
7341256
7341265
3741265
3471265
3417265
3412765
3412675
3412657
3416257
3416275
3416725
3417625
3471625
3741625
7341625
7346125
3746125
3476125
3467125
3461725
3461275
3461257
3641257
3641275
3641725
3647125
3674125
3764125
7364125
7634125
6734125
6374125
6347125
6341725
6341275
6341257
6341527
6341572
6341752
6347152
6374152
6734152
7634152
7364152
3764152
3674152
3647152
3641752
3641572
3641527
3461527
3461572
3461752
3467152
3476152
3746152
7346152
7341652
3741652
3471652
3417652
3416752
3416572
3416527
3415627
3415672
3415762
3417562
3471562
3741562
7341562
7341526
3741526
3471526
3417526
3415726
3415276
3415267
3451267
3451276
3451726
3457126
3475126
3745126
7345126
7345162
3745162
3475162
3457162
3451762
3451672
3451627
3456127
3456172
3456712
3457612
3475612
3745612
7345612
7346512
3746512
3476512
3467512
3465712
3465172
3465127
3645127
3645172
3645712
3647512
3674512
3764512
7364512
7634512
6734512
6374512
6347512
6345712
6345172
6345127
6354127
6354172
6354712
6357412
6375412
6735412
7635412
7365412
3765412
3675412
3657412
3654712
3654172
3654127
3564127
3564172
3564712
3567412
3576412
3756412
7356412
7354612
3754612
3574612
3547612
3546712
3546172
3546127
3541627
3541672
3541762
3547162
3574162
3754162
7354162
7354126
3754126
3574126
3547126
3541726
3541276
3541267
5341267
5341276
5341726
5347126
5374126
5734126
7534126
7534162
5734162
5374162
5347162
5341762
5341672
5341627
5346127
5346172
5346712
5347612
5374612
5734612
7534612
7536412
5736412
5376412
5367412
5364712
5364172
5364127
5634127
5634172
5634712
5637412
5673412
5763412
7563412
7653412
6753412
6573412
6537412
6534712
6534172
6534127
6543127
6543172
6543712
6547312
6574312
6754312
7654312
7564312
5764312
5674312
5647312
5643712
5643172
5643127
5463127
5463172
5463712
5467312
5476312
5746312
7546312
7543612
5743612
5473612
5437612
5436712
5436172
5436127
5431627
5431672
5431762
5437162
5473162
5743162
7543162
7543126
5743126
5473126
5437126
5431726
5431276
5431267
4531267
4531276
4531726
4537126
4573126
4753126
7453126
7453162
4753162
4573162
4537162
4531762
4531672
4531627
4536127
4536172
4536712
4537612
4573612
4753612
7453612
7456312
4756312
4576312
4567312
4563712
4563172
4563127
4653127
4653172
4653712
4657312
4675312
4765312
7465312
7645312
6745312
6475312
6457312
6453712
6453172
6453127
6435127
6435172
6435712
6437512
6473512
6743512
7643512
7463512
4763512
4673512
4637512
4635712
4635172
4635127
4365127
4365172
4365712
4367512
4376512
4736512
7436512
7435612
4735612
4375612
4357612
4356712
4356172
4356127
4351627
4351672
4351762
4357162
4375162
4735162
7435162
7435126
4735126
4375126
4357126
4351726
4351276
4351267
4315267
4315276
4315726
4317526
4371526
4731526
7431526
7431562
4731562
4371562
4317562
4315762
4315672
4315627
4316527
4316572
4316752
4317652
4371652
4731652
7431652
7436152
4736152
4376152
4367152
4361752
4361572
4361527
4631527
4631572
4631752
4637152
4673152
4763152
7463152
7643152
6743152
6473152
6437152
6431752
6431572
6431527
6431257
6431275
6431725
6437125
6473125
6743125
7643125
7463125
4763125
4673125
4637125
4631725
4631275
4631257
4361257
4361275
4361725
4367125
4376125
4736125
7436125
7431625
4731625
4371625
4317625
4316725
4316275
4316257
4312657
4312675
4312765
4317265
4371265
4731265
7431265
7431256
4731256
4371256
4317256
4312756
4312576
4312567
4321567
4321576
4321756
4327156
4372156
4732156
7432156
7432165
4732165
4372165
4327165
4321765
4321675
4321657
4326157
4326175
4326715
4327615
4372615
4732615
7432615
7436215
4736215
4376215
4367215
4362715
4362175
4362157
4632157
4632175
4632715
4637215
4673215
4763215
7463215
7643215
6743215
6473215
6437215
6432715
6432175
6432157
6432517
6432571
6432751
6437251
6473251
6743251
7643251
7463251
4763251
4673251
4637251
4632751
4632571
4632517
4362517
4362571
4362751
4367251
4376251
4736251
7436251
7432651
4732651
4372651
4327651
4326751
4326571
4326517
4325617
4325671
4325761
4327561
4372561
4732561
7432561
7432516
4732516
4372516
4327516
4325716
4325176
4325167
4352167
4352176
4352716
4357216
4375216
4735216
7435216
7435261
4735261
4375261
4357261
4352761
4352671
4352617
4356217
4356271
4356721
4357621
4375621
4735621
7435621
7436521
4736521
4376521
4367521
4365721
4365271
4365217
4635217
4635271
4635721
4637521
4673521
4763521
7463521
7643521
6743521
6473521
6437521
6435721
6435271
6435217
6453217
6453271
6453721
6457321
6475321
6745321
7645321
7465321
4765321
4675321
4657321
4653721
4653271
4653217
4563217
4563271
4563721
4567321
4576321
4756321
7456321
7453621
4753621
4573621
4537621
4536721
4536271
4536217
4532617
4532671
4532761
4537261
4573261
4753261
7453261
7453216
4753216
4573216
4537216
4532716
4532176
4532167
5432167
5432176
5432716
5437216
5473216
5743216
7543216
7543261
5743261
5473261
5437261
5432761
5432671
5432617
5436217
5436271
5436721
5437621
5473621
5743621
7543621
7546321
5746321
5476321
5467321
5463721
5463271
5463217
5643217
5643271
5643721
5647321
5674321
5764321
7564321
7654321
6754321
6574321
6547321
6543721
6543271
6543217
6534217
6534271
6534721
6537421
6573421
6753421
7653421
7563421
5763421
5673421
5637421
5634721
5634271
5634217
5364217
5364271
5364721
5367421
5376421
5736421
7536421
7534621
5734621
5374621
5347621
5346721
5346271
5346217
5342617
5342671
5342761
5347261
5374261
5734261
7534261
7534216
5734216
5374216
5347216
5342716
5342176
5342167
3542167
3542176
3542716
3547216
3574216
3754216
7354216
7354261
3754261
3574261
3547261
3542761
3542671
3542617
3546217
3546271
3546721
3547621
3574621
3754621
7354621
7356421
3756421
3576421
3567421
3564721
3564271
3564217
3654217
3654271
3654721
3657421
3675421
3765421
7365421
7635421
6735421
6375421
6357421
6354721
6354271
6354217
6345217
6345271
6345721
6347521
6374521
6734521
7634521
7364521
3764521
3674521
3647521
3645721
3645271
3645217
3465217
3465271
3465721
3467521
3476521
3746521
7346521
7345621
3745621
3475621
3457621
3456721
3456271
3456217
3452617
3452671
3452761
3457261
3475261
3745261
7345261
7345216
3745216
3475216
3457216
3452716
3452176
3452167
3425167
3425176
3425716
3427516
3472516
3742516
7342516
7342561
3742561
3472561
3427561
3425761
3425671
3425617
3426517
3426571
3426751
3427651
3472651
3742651
7342651
7346251
3746251
3476251
3467251
3462751
3462571
3462517
3642517
3642571
3642751
3647251
3674251
3764251
7364251
7634251
6734251
6374251
6347251
6342751
6342571
6342517
6342157
6342175
6342715
6347215
6374215
6734215
7634215
7364215
3764215
3674215
3647215
3642715
3642175
3642157
3462157
3462175
3462715
3467215
3476215
3746215
7346215
7342615
3742615
3472615
3427615
3426715
3426175
3426157
3421657
3421675
3421765
3427165
3472165
3742165
7342165
7342156
3742156
3472156
3427156
3421756
3421576
3421567
3241567
3241576
3241756
3247156
3274156
3724156
7324156
7324165
3724165
3274165
3247165
3241765
3241675
3241657
3246157
3246175
3246715
3247615
3274615
3724615
7324615
7326415
3726415
3276415
3267415
3264715
3264175
3264157
3624157
3624175
3624715
3627415
3672415
3762415
7362415
7632415
6732415
6372415
6327415
6324715
6324175
6324157
6324517
6324571
6324751
6327451
6372451
6732451
7632451
7362451
3762451
3672451
3627451
3624751
3624571
3624517
3264517
3264571
3264751
3267451
3276451
3726451
7326451
7324651
3724651
3274651
3247651
3246751
3246571
3246517
3245617
3245671
3245761
3247561
3274561
3724561
7324561
7324516
3724516
3274516
3247516
3245716
3245176
3245167
3254167
3254176
3254716
3257416
3275416
3725416
7325416
7325461
3725461
3275461
3257461
3254761
3254671
3254617
3256417
3256471
3256741
3257641
3275641
3725641
7325641
7326541
3726541
3276541
3267541
3265741
3265471
3265417
3625417
3625471
3625741
3627541
3672541
3762541
7362541
7632541
6732541
6372541
6327541
6325741
6325471
6325417
6352417
6352471
6352741
6357241
6375241
6735241
7635241
7365241
3765241
3675241
3657241
3652741
3652471
3652417
3562417
3562471
3562741
3567241
3576241
3756241
7356241
7352641
3752641
3572641
3527641
3526741
3526471
3526417
3524617
3524671
3524761
3527461
3572461
3752461
7352461
7352416
3752416
3572416
3527416
3524716
3524176
3524167
5324167
5324176
5324716
5327416
5372416
5732416
7532416
7532461
5732461
5372461
5327461
5324761
5324671
5324617
5326417
5326471
5326741
5327641
5372641
5732641
7532641
7536241
5736241
5376241
5367241
5362741
5362471
5362417
5632417
5632471
5632741
5637241
5673241
5763241
7563241
7653241
6753241
6573241
6537241
6532741
6532471
6532417
6532147
6532174
6532714
6537214
6573214
6753214
7653214
7563214
5763214
5673214
5637214
5632714
5632174
5632147
5362147
5362174
5362714
5367214
5376214
5736214
7536214
7532614
5732614
5372614
5327614
5326714
5326174
5326147
5321647
5321674
5321764
5327164
5372164
5732164
7532164
7532146
5732146
5372146
5327146
5321746
5321476
5321467
3521467
3521476
3521746
3527146
3572146
3752146
7352146
7352164
3752164
3572164
3527164
3521764
3521674
3521647
3526147
3526174
3526714
3527614
3572614
3752614
7352614
7356214
3756214
3576214
3567214
3562714
3562174
3562147
3652147
3652174
3652714
3657214
3675214
3765214
7365214
7635214
6735214
6375214
6357214
6352714
6352174
6352147
6325147
6325174
6325714
6327514
6372514
6732514
7632514
7362514
3762514
3672514
3627514
3625714
3625174
3625147
3265147
3265174
3265714
3267514
3276514
3726514
7326514
7325614
3725614
3275614
3257614
3256714
3256174
3256147
3251647
3251674
3251764
3257164
3275164
3725164
7325164
7325146
3725146
3275146
3257146
3251746
3251476
3251467
3215467
3215476
3215746
3217546
3271546
3721546
7321546
7321564
3721564
3271564
3217564
3215764
3215674
3215647
3216547
3216574
3216754
3217654
3271654
3721654
7321654
7326154
3726154
3276154
3267154
3261754
3261574
3261547
3621547
3621574
3621754
3627154
3672154
3762154
7362154
7632154
6732154
6372154
6327154
6321754
6321574
6321547
6321457
6321475
6321745
6327145
6372145
6732145
7632145
7362145
3762145
3672145
3627145
3621745
3621475
3621457
3261457
3261475
3261745
3267145
3276145
3726145
7326145
7321645
3721645
3271645
3217645
3216745
3216475
3216457
3214657
3214675
3214765
3217465
3271465
3721465
7321465
7321456
3721456
3271456
3217456
3214756
3214576
3214567
2314567
2314576
2314756
2317456
2371456
2731456
7231456
7231465
2731465
2371465
2317465
2314765
2314675
2314657
2316457
2316475
2316745
2317645
2371645
2731645
7231645
7236145
2736145
2376145
2367145
2361745
2361475
2361457
2631457
2631475
2631745
2637145
2673145
2763145
7263145
7623145
6723145
6273145
6237145
6231745
6231475
6231457
6231547
6231574
6231754
6237154
6273154
6723154
7623154
7263154
2763154
2673154
2637154
2631754
2631574
2631547
2361547
2361574
2361754
2367154
2376154
2736154
7236154
7231654
2731654
2371654
2317654
2316754
2316574
2316547
2315647
2315674
2315764
2317564
2371564
2731564
7231564
7231546
2731546
2371546
2317546
2315746
2315476
2315467
2351467
2351476
2351746
2357146
2375146
2735146
7235146
7235164
2735164
2375164
2357164
2351764
2351674
2351647
2356147
2356174
2356714
2357614
2375614
2735614
7235614
7236514
2736514
2376514
2367514
2365714
2365174
2365147
2635147
2635174
2635714
2637514
2673514
2763514
7263514
7623514
6723514
6273514
6237514
6235714
6235174
6235147
6253147
6253174
6253714
6257314
6275314
6725314
7625314
7265314
2765314
2675314
2657314
2653714
2653174
2653147
2563147
2563174
2563714
2567314
2576314
2756314
7256314
7253614
2753614
2573614
2537614
2536714
2536174
2536147
2531647
2531674
2531764
2537164
2573164
2753164
7253164
7253146
2753146
2573146
2537146
2531746
2531476
2531467
5231467
5231476
5231746
5237146
5273146
5723146
7523146
7523164
5723164
5273164
5237164
5231764
5231674
5231647
5236147
5236174
5236714
5237614
5273614
5723614
7523614
7526314
5726314
5276314
5267314
5263714
5263174
5263147
5623147
5623174
5623714
5627314
5672314
5762314
7562314
7652314
6752314
6572314
6527314
6523714
6523174
6523147
6523417
6523471
6523741
6527341
6572341
6752341
7652341
7562341
5762341
5672341
5627341
5623741
5623471
5623417
5263417
5263471
5263741
5267341
5276341
5726341
7526341
7523641
5723641
5273641
5237641
5236741
5236471
5236417
5234617
5234671
5234761
5237461
5273461
5723461
7523461
7523416
5723416
5273416
5237416
5234716
5234176
5234167
2534167
2534176
2534716
2537416
2573416
2753416
7253416
7253461
2753461
2573461
2537461
2534761
2534671
2534617
2536417
2536471
2536741
2537641
2573641
2753641
7253641
7256341
2756341
2576341
2567341
2563741
2563471
2563417
2653417
2653471
2653741
2657341
2675341
2765341
7265341
7625341
6725341
6275341
6257341
6253741
6253471
6253417
6235417
6235471
6235741
6237541
6273541
6723541
7623541
7263541
2763541
2673541
2637541
2635741
2635471
2635417
2365417
2365471
2365741
2367541
2376541
2736541
7236541
7235641
2735641
2375641
2357641
2356741
2356471
2356417
2354617
2354671
2354761
2357461
2375461
2735461
7235461
7235416
2735416
2375416
2357416
2354716
2354176
2354167
2345167
2345176
2345716
2347516
2374516
2734516
7234516
7234561
2734561
2374561
2347561
2345761
2345671
2345617
2346517
2346571
2346751
2347651
2374651
2734651
7234651
7236451
2736451
2376451
2367451
2364751
2364571
2364517
2634517
2634571
2634751
2637451
2673451
2763451
7263451
7623451
6723451
6273451
6237451
6234751
6234571
6234517
6234157
6234175
6234715
6237415
6273415
6723415
7623415
7263415
2763415
2673415
2637415
2634715
2634175
2634157
2364157
2364175
2364715
2367415
2376415
2736415
7236415
7234615
2734615
2374615
2347615
2346715
2346175
2346157
2341657
2341675
2341765
2347165
2374165
2734165
7234165
7234156
2734156
2374156
2347156
2341756
2341576
2341567
2431567
2431576
2431756
2437156
2473156
2743156
7243156
7243165
2743165
2473165
2437165
2431765
2431675
2431657
2436157
2436175
2436715
2437615
2473615
2743615
7243615
7246315
2746315
2476315
2467315
2463715
2463175
2463157
2643157
2643175
2643715
2647315
2674315
2764315
7264315
7624315
6724315
6274315
6247315
6243715
6243175
6243157
6243517
6243571
6243751
6247351
6274351
6724351
7624351
7264351
2764351
2674351
2647351
2643751
2643571
2643517
2463517
2463571
2463751
2467351
2476351
2746351
7246351
7243651
2743651
2473651
2437651
2436751
2436571
2436517
2435617
2435671
2435761
2437561
2473561
2743561
7243561
7243516
2743516
2473516
2437516
2435716
2435176
2435167
2453167
2453176
2453716
2457316
2475316
2745316
7245316
7245361
2745361
2475361
2457361
2453761
2453671
2453617
2456317
2456371
2456731
2457631
2475631
2745631
7245631
7246531
2746531
2476531
2467531
2465731
2465371
2465317
2645317
2645371
2645731
2647531
2674531
2764531
7264531
7624531
6724531
6274531
6247531
6245731
6245371
6245317
6254317
6254371
6254731
6257431
6275431
6725431
7625431
7265431
2765431
2675431
2657431
2654731
2654371
2654317
2564317
2564371
2564731
2567431
2576431
2756431
7256431
7254631
2754631
2574631
2547631
2546731
2546371
2546317
2543617
2543671
2543761
2547361
2574361
2754361
7254361
7254316
2754316
2574316
2547316
2543716
2543176
2543167
5243167
5243176
5243716
5247316
5274316
5724316
7524316
7524361
5724361
5274361
5247361
5243761
5243671
5243617
5246317
5246371
5246731
5247631
5274631
5724631
7524631
7526431
5726431
5276431
5267431
5264731
5264371
5264317
5624317
5624371
5624731
5627431
5672431
5762431
7562431
7652431
6752431
6572431
6527431
6524731
6524371
6524317
6542317
6542371
6542731
6547231
6574231
6754231
7654231
7564231
5764231
5674231
5647231
5642731
5642371
5642317
5462317
5462371
5462731
5467231
5476231
5746231
7546231
7542631
5742631
5472631
5427631
5426731
5426371
5426317
5423617
5423671
5423761
5427361
5472361
5742361
7542361
7542316
5742316
5472316
5427316
5423716
5423176
5423167
4523167
4523176
4523716
4527316
4572316
4752316
7452316
7452361
4752361
4572361
4527361
4523761
4523671
4523617
4526317
4526371
4526731
4527631
4572631
4752631
7452631
7456231
4756231
4576231
4567231
4562731
4562371
4562317
4652317
4652371
4652731
4657231
4675231
4765231
7465231
7645231
6745231
6475231
6457231
6452731
6452371
6452317
6425317
6425371
6425731
6427531
6472531
6742531
7642531
7462531
4762531
4672531
4627531
4625731
4625371
4625317
4265317
4265371
4265731
4267531
4276531
4726531
7426531
7425631
4725631
4275631
4257631
4256731
4256371
4256317
4253617
4253671
4253761
4257361
4275361
4725361
7425361
7425316
4725316
4275316
4257316
4253716
4253176
4253167
4235167
4235176
4235716
4237516
4273516
4723516
7423516
7423561
4723561
4273561
4237561
4235761
4235671
4235617
4236517
4236571
4236751
4237651
4273651
4723651
7423651
7426351
4726351
4276351
4267351
4263751
4263571
4263517
4623517
4623571
4623751
4627351
4672351
4762351
7462351
7642351
6742351
6472351
6427351
6423751
6423571
6423517
6423157
6423175
6423715
6427315
6472315
6742315
7642315
7462315
4762315
4672315
4627315
4623715
4623175
4623157
4263157
4263175
4263715
4267315
4276315
4726315
7426315
7423615
4723615
4273615
4237615
4236715
4236175
4236157
4231657
4231675
4231765
4237165
4273165
4723165
7423165
7423156
4723156
4273156
4237156
4231756
4231576
4231567
4213567
4213576
4213756
4217356
4271356
4721356
7421356
7421365
4721365
4271365
4217365
4213765
4213675
4213657
4216357
4216375
4216735
4217635
4271635
4721635
7421635
7426135
4726135
4276135
4267135
4261735
4261375
4261357
4621357
4621375
4621735
4627135
4672135
4762135
7462135
7642135
6742135
6472135
6427135
6421735
6421375
6421357
6421537
6421573
6421753
6427153
6472153
6742153
7642153
7462153
4762153
4672153
4627153
4621753
4621573
4621537
4261537
4261573
4261753
4267153
4276153
4726153
7426153
7421653
4721653
4271653
4217653
4216753
4216573
4216537
4215637
4215673
4215763
4217563
4271563
4721563
7421563
7421536
4721536
4271536
4217536
4215736
4215376
4215367
4251367
4251376
4251736
4257136
4275136
4725136
7425136
7425163
4725163
4275163
4257163
4251763
4251673
4251637
4256137
4256173
4256713
4257613
4275613
4725613
7425613
7426513
4726513
4276513
4267513
4265713
4265173
4265137
4625137
4625173
4625713
4627513
4672513
4762513
7462513
7642513
6742513
6472513
6427513
6425713
6425173
6425137
6452137
6452173
6452713
6457213
6475213
6745213
7645213
7465213
4765213
4675213
4657213
4652713
4652173
4652137
4562137
4562173
4562713
4567213
4576213
4756213
7456213
7452613
4752613
4572613
4527613
4526713
4526173
4526137
4521637
4521673
4521763
4527163
4572163
4752163
7452163
7452136
4752136
4572136
4527136
4521736
4521376
4521367
5421367
5421376
5421736
5427136
5472136
5742136
7542136
7542163
5742163
5472163
5427163
5421763
5421673
5421637
5426137
5426173
5426713
5427613
5472613
5742613
7542613
7546213
5746213
5476213
5467213
5462713
5462173
5462137
5642137
5642173
5642713
5647213
5674213
5764213
7564213
7654213
6754213
6574213
6547213
6542713
6542173
6542137
6524137
6524173
6524713
6527413
6572413
6752413
7652413
7562413
5762413
5672413
5627413
5624713
5624173
5624137
5264137
5264173
5264713
5267413
5276413
5726413
7526413
7524613
5724613
5274613
5247613
5246713
5246173
5246137
5241637
5241673
5241763
5247163
5274163
5724163
7524163
7524136
5724136
5274136
5247136
5241736
5241376
5241367
2541367
2541376
2541736
2547136
2574136
2754136
7254136
7254163
2754163
2574163
2547163
2541763
2541673
2541637
2546137
2546173
2546713
2547613
2574613
2754613
7254613
7256413
2756413
2576413
2567413
2564713
2564173
2564137
2654137
2654173
2654713
2657413
2675413
2765413
7265413
7625413
6725413
6275413
6257413
6254713
6254173
6254137
6245137
6245173
6245713
6247513
6274513
6724513
7624513
7264513
2764513
2674513
2647513
2645713
2645173
2645137
2465137
2465173
2465713
2467513
2476513
2746513
7246513
7245613
2745613
2475613
2457613
2456713
2456173
2456137
2451637
2451673
2451763
2457163
2475163
2745163
7245163
7245136
2745136
2475136
2457136
2451736
2451376
2451367
2415367
2415376
2415736
2417536
2471536
2741536
7241536
7241563
2741563
2471563
2417563
2415763
2415673
2415637
2416537
2416573
2416753
2417653
2471653
2741653
7241653
7246153
2746153
2476153
2467153
2461753
2461573
2461537
2641537
2641573
2641753
2647153
2674153
2764153
7264153
7624153
6724153
6274153
6247153
6241753
6241573
6241537
6241357
6241375
6241735
6247135
6274135
6724135
7624135
7264135
2764135
2674135
2647135
2641735
2641375
2641357
2461357
2461375
2461735
2467135
2476135
2746135
7246135
7241635
2741635
2471635
2417635
2416735
2416375
2416357
2413657
2413675
2413765
2417365
2471365
2741365
7241365
7241356
2741356
2471356
2417356
2413756
2413576
2413567
2143567
2143576
2143756
2147356
2174356
2714356
7214356
7214365
2714365
2174365
2147365
2143765
2143675
2143657
2146357
2146375
2146735
2147635
2174635
2714635
7214635
7216435
2716435
2176435
2167435
2164735
2164375
2164357
2614357
2614375
2614735
2617435
2671435
2761435
7261435
7621435
6721435
6271435
6217435
6214735
6214375
6214357
6214537
6214573
6214753
6217453
6271453
6721453
7621453
7261453
2761453
2671453
2617453
2614753
2614573
2614537
2164537
2164573
2164753
2167453
2176453
2716453
7216453
7214653
2714653
2174653
2147653
2146753
2146573
2146537
2145637
2145673
2145763
2147563
2174563
2714563
7214563
7214536
2714536
2174536
2147536
2145736
2145376
2145367
2154367
2154376
2154736
2157436
2175436
2715436
7215436
7215463
2715463
2175463
2157463
2154763
2154673
2154637
2156437
2156473
2156743
2157643
2175643
2715643
7215643
7216543
2716543
2176543
2167543
2165743
2165473
2165437
2615437
2615473
2615743
2617543
2671543
2761543
7261543
7621543
6721543
6271543
6217543
6215743
6215473
6215437
6251437
6251473
6251743
6257143
6275143
6725143
7625143
7265143
2765143
2675143
2657143
2651743
2651473
2651437
2561437
2561473
2561743
2567143
2576143
2756143
7256143
7251643
2751643
2571643
2517643
2516743
2516473
2516437
2514637
2514673
2514763
2517463
2571463
2751463
7251463
7251436
2751436
2571436
2517436
2514736
2514376
2514367
5214367
5214376
5214736
5217436
5271436
5721436
7521436
7521463
5721463
5271463
5217463
5214763
5214673
5214637
5216437
5216473
5216743
5217643
5271643
5721643
7521643
7526143
5726143
5276143
5267143
5261743
5261473
5261437
5621437
5621473
5621743
5627143
5672143
5762143
7562143
7652143
6752143
6572143
6527143
6521743
6521473
6521437
6521347
6521374
6521734
6527134
6572134
6752134
7652134
7562134
5762134
5672134
5627134
5621734
5621374
5621347
5261347
5261374
5261734
5267134
5276134
5726134
7526134
7521634
5721634
5271634
5217634
5216734
5216374
5216347
5213647
5213674
5213764
5217364
5271364
5721364
7521364
7521346
5721346
5271346
5217346
5213746
5213476
5213467
2513467
2513476
2513746
2517346
2571346
2751346
7251346
7251364
2751364
2571364
2517364
2513764
2513674
2513647
2516347
2516374
2516734
2517634
2571634
2751634
7251634
7256134
2756134
2576134
2567134
2561734
2561374
2561347
2651347
2651374
2651734
2657134
2675134
2765134
7265134
7625134
6725134
6275134
6257134
6251734
6251374
6251347
6215347
6215374
6215734
6217534
6271534
6721534
7621534
7261534
2761534
2671534
2617534
2615734
2615374
2615347
2165347
2165374
2165734
2167534
2176534
2716534
7216534
7215634
2715634
2175634
2157634
2156734
2156374
2156347
2153647
2153674
2153764
2157364
2175364
2715364
7215364
7215346
2715346
2175346
2157346
2153746
2153476
2153467
2135467
2135476
2135746
2137546
2173546
2713546
7213546
7213564
2713564
2173564
2137564
2135764
2135674
2135647
2136547
2136574
2136754
2137654
2173654
2713654
7213654
7216354
2716354
2176354
2167354
2163754
2163574
2163547
2613547
2613574
2613754
2617354
2671354
2761354
7261354
7621354
6721354
6271354
6217354
6213754
6213574
6213547
6213457
6213475
6213745
6217345
6271345
6721345
7621345
7261345
2761345
2671345
2617345
2613745
2613475
2613457
2163457
2163475
2163745
2167345
2176345
2716345
7216345
7213645
2713645
2173645
2137645
2136745
2136475
2136457
2134657
2134675
2134765
2137465
2173465
2713465
7213465
7213456
2713456
2173456
2137456
2134756
2134576
2134567
